-7715
-3465
11600
-26341
-669
-5181
-11297
-16949
4755
378
61
2330
29598
-4287
1899
9648
10557
-1391
-587
3475
-2079
456
-5148
-3065
-12319
-7215
16241
-1892
2747
16279
6170
6502
13225
1155
-15669
-13195
17248
-12220
-19103
-21611
-15393
-15740
-2412
31438
925
27130
-4153
-12373
-774
-2788
4488
-688
11770
-8162
10743
10818
-5514
1923
20329
134
-2613
5727
-15629
5245
-6247
18088
-6402
-3807
21730
182
-26329
1949
-2366
-11944
31067
-16474
17297
-2461
3325
16926
-8102
28414
9332
1775
10163
2316
-3737
-1579
21342
-9726
10065
-1955
392
-18612
-22919
5482
-24100
-8337
4936
14258
